{
  "stats": {
    "total_samples": 569,
    "benign_count": 357,
    "malignant_count": 212,
    "benign_percentage": 62.74,
    "malignant_percentage": 37.26,
    "feature_count": 30
  },
  "correlation": {
    "features": [
      "반경 평균",
      "조직 평균",
      "둘레 길이 평균",
      "면적 평균",
      "매끄러움 평균",
      "치밀도 평균",
      "오목함 평균",
      "오목한 포인트 개수 평균",
      "좌우 대칭도 평균",
      "경계 불규칙성 평균",
      "반경 표준오차",
      "조직 표준오차",
      "둘레 길이 표준오차",
      "면적 표준오차",
      "매끄러움 표준오차",
      "치밀도 표준오차",
      "오목함 표준오차",
      "오목한 포인트 개수 표준오차",
      "좌우 대칭도 표준오차 ",
      "경계 불규칙성 표준오차",
      "반경 최악상태",
      "조직 최악상태",
      "둘레 길이 최악상태",
      "면적 최악상태",
      "매끄러움 최악상태",
      "치밀도 최악상태",
      "오목함 최악상태",
      "오목한 포인트 개수 최악상태",
      "대칭성 최악상태",
      "경계 불규칙성 최악상태"
    ],
    "matrix": [
      [
        1.0,
        0.32378189092773296,
        0.9978552814938094,
        0.9873571700566122,
        0.17058118749299478,
        0.506123577526364,
        0.6767635503908114,
        0.8225285223871796,
        0.14774124199260236,
        -0.3116308263092902,
        0.6790903880020756,
        -0.09731744314481329,
        0.6741716157641056,
        0.7358636632128172,
        -0.22260012458211145,
        0.20599998040769932,
        0.19420362276150901,
        0.3761689559399259,
        -0.1043208814178656,
        -0.04264126911445621,
        0.9695389726112066,
        0.2970076439863737,
        0.9651365139559874,
        0.9410824595860466,
        0.11961613992160841,
        0.4134628230608015,
        0.526911461838545,
        0.7442141978674657,
        0.16395333493630732,
        0.007065885692182585
      ],
      [
        0.32378189092773296,
        1.0,
        0.3295330586865705,
        0.32108569608020754,
        -0.02338851599842353,
        0.2367022220743722,
        0.3024178279438915,
        0.29346405131394243,
        0.07140098048331703,
        -0.0764371834481339,
        0.27586867617376243,
        0.38635762272449037,
        0.2816731147872026,
        0.2598449866100987,
        0.006613777353585341,
        0.19197461132396648,
        0.14329307656049842,
        0.16385102528521808,
        0.009127167755036037,
        0.05445751956893367,
        0.3525729471502957,
        0.9120445888404213,
        0.35803957505322426,
        0.34354594718646964,
        0.07750335882212882,
        0.2778295924789796,
        0.30102522381649127,
        0.29531584333773664,
        0.10500791031597212,
        0.11920535139708549
      ],
      [
        0.9978552814938094,
        0.3295330586865705,
        1.0,
        0.9865068039913902,
        0.2072781636910065,
        0.5569362108795616,
        0.716135650117405,
        0.8509770412528191,
        0.18302721211685294,
        -0.26147690806633356,
        0.691765013533482,
        -0.0867610783117948,
        0.6931348895408654,
        0.744982694119068,
        -0.20269402629832206,
        0.25074368074058784,
        0.228082345393658,
        0.40721691599861876,
        -0.08162932702839953,
        -0.0055233910570039535,
        0.9694763634663137,
        0.3030383715571501,
        0.9703868870426389,
        0.9415498080023066,
        0.15054940431703698,
        0.4557742280383266,
        0.5638792634736616,
        0.7712407893605485,
        0.18911504046245753,
        0.05101852972340665
      ],
      [
        0.9873571700566122,
        0.32108569608020754,
        0.9865068039913902,
        1.0,
        0.1770283772540012,
        0.49850168215241225,
        0.6859828285519107,
        0.8232688686524328,
        0.15129307903511213,
        -0.2831098116914264,
        0.7325622269972987,
        -0.0662802136045774,
        0.7266283277906844,
        0.800085921234322,
        -0.1667766666011127,
        0.21258255077923285,
        0.2076600604825693,
        0.37232028233071,
        -0.07249658821176272,
        -0.01988696323506802,
        0.9627460860470832,
        0.2874886271213966,
        0.9591195743552647,
        0.9592133256499006,
        0.123522938755571,
        0.3904103092424984,
        0.5126059204433243,
        0.7220166262603592,
        0.14356991388907128,
        0.0037375973515715597
      ],
      [
        0.17058118749299478,
        -0.02338851599842353,
        0.2072781636910065,
        0.1770283772540012,
        1.0,
        0.6591232152159229,
        0.5219837677142605,
        0.5536951727437605,
        0.5577747880728873,
        0.5847920019499776,
        0.30146709825316953,
        0.06840644817118238,
        0.29609193289351415,
        0.24655243166573562,
        0.33237544264759233,
        0.318943296705379,
        0.2483956798825553,
        0.38067569098328563,
        0.20077437592048317,
        0.283606698546885,
        0.21312014189594855,
        0.036071798785646474,
        0.23885262620915038,
        0.20671836342857658,
        0.805324195494362,
        0.4724684437304434,
        0.4349257147250867,
        0.5030533532989497,
        0.39430948181175546,
        0.499316368593766
      ],
      [
        0.506123577526364,
        0.2367022220743722,
        0.5569362108795616,
        0.49850168215241225,
        0.6591232152159229,
        1.0,
        0.8831206701772505,
        0.8311350431336991,
        0.6026410484055158,
        0.5653686634145211,
        0.4974734460850617,
        0.04620483071640683,
        0.5489052645888233,
        0.45565285198788885,
        0.13529926770047154,
        0.7387217896603927,
        0.5705168714898885,
        0.6422618509716466,
        0.22997659080143243,
        0.5073181269004224,
        0.5353153982176653,
        0.2481328332774176,
        0.5902104277312977,
        0.5096038055579203,
        0.5655411663750874,
        0.865809039802263,
        0.8162752498000297,
        0.8155732235690639,
        0.510223429921806,
        0.6873823227538964
      ],
      [
        0.6767635503908114,
        0.3024178279438915,
        0.716135650117405,
        0.6859828285519107,
        0.5219837677142605,
        0.8831206701772505,
        1.0,
        0.9213910263788581,
        0.5006666171419618,
        0.33678335942118526,
        0.631924822141491,
        0.07621834813534,
        0.6603907872419624,
        0.617426805845241,
        0.09856374579911731,
        0.6702788246430207,
        0.6912702075448517,
        0.6832599165123272,
        0.1780092079208777,
        0.44930074905033845,
        0.6882364076436721,
        0.2998788887096905,
        0.7295649165132028,
        0.6759872313060887,
        0.4488220384047602,
        0.7549680159063961,
        0.8841026390943832,
        0.8613230336379509,
        0.4094641265399866,
        0.5149298906363866
      ],
      [
        0.8225285223871796,
        0.29346405131394243,
        0.8509770412528191,
        0.8232688686524328,
        0.5536951727437605,
        0.8311350431336991,
        0.9213910263788581,
        1.0,
        0.4624973883673582,
        0.16691738322699232,
        0.6980498335607402,
        0.02147958192340165,
        0.7106498716138993,
        0.690298539759553,
        0.027653308387136203,
        0.4904242495935712,
        0.4391670684742612,
        0.6156341308969195,
        0.09535078688667688,
        0.25758374624303265,
        0.8303176311186148,
        0.29275171300151764,
        0.8559231281343108,
        0.8096296199096182,
        0.4527530541790472,
        0.6674536768257117,
        0.7523994975749642,
        0.9101553142985929,
        0.3757441454236105,
        0.36866113371677084
      ],
      [
        0.14774124199260236,
        0.07140098048331703,
        0.18302721211685294,
        0.15129307903511213,
        0.5577747880728873,
        0.6026410484055158,
        0.5006666171419618,
        0.4624973883673582,
        1.0,
        0.47992133005096915,
        0.30337926320726255,
        0.12805292634025597,
        0.31389276079651357,
        0.22397021941762993,
        0.18732116526139062,
        0.4216591470050108,
        0.34262702307772047,
        0.3932978720890168,
        0.4491365423934285,
        0.33178614627312447,
        0.18572775349568735,
        0.09065068811664272,
        0.21916855911105806,
        0.17719337737409702,
        0.4266750263849461,
        0.4732000132446181,
        0.43372100759017285,
        0.430296611457954,
        0.6998257976437305,
        0.43841349844460287
      ],
      [
        -0.3116308263092902,
        -0.0764371834481339,
        -0.26147690806633356,
        -0.2831098116914264,
        0.5847920019499776,
        0.5653686634145211,
        0.33678335942118526,
        0.16691738322699232,
        0.47992133005096915,
        1.0,
        0.00011099507262942823,
        0.1641739658717292,
        0.03982993157204705,
        -0.09017024752042735,
        0.4019644254484123,
        0.5598366906211327,
        0.44663032169957073,
        0.34119804439711793,
        0.3450073971437277,
        0.6881315774585512,
        -0.2536914948766094,
        -0.05126920203676512,
        -0.2051512112627737,
        -0.23185445116756076,
        0.5049420753517614,
        0.4587981566678595,
        0.34623387634806796,
        0.17532544924324453,
        0.33401868385108263,
        0.7672967792384358
      ],
      [
        0.6790903880020756,
        0.27586867617376243,
        0.691765013533482,
        0.7325622269972987,
        0.30146709825316953,
        0.4974734460850617,
        0.631924822141491,
        0.6980498335607402,
        0.30337926320726255,
        0.00011099507262942823,
        1.0,
        0.2132473372511577,
        0.9727936770160753,
        0.9518301121109907,
        0.16451421981281159,
        0.35606457553220255,
        0.33235753760761083,
        0.5133464414367648,
        0.24056736245007118,
        0.22775353267198065,
        0.7150651951351846,
        0.1947985568342513,
        0.7196838036650051,
        0.7515484761266196,
        0.1419185529186069,
        0.2871031656007405,
        0.3805846346287225,
        0.5310623278216042,
        0.09454283035438187,
        0.04955943246457305
      ],
      [
        -0.09731744314481329,
        0.38635762272449037,
        -0.0867610783117948,
        -0.0662802136045774,
        0.06840644817118238,
        0.04620483071640683,
        0.07621834813534,
        0.02147958192340165,
        0.12805292634025597,
        0.1641739658717292,
        0.2132473372511577,
        1.0,
        0.2231707286307136,
        0.11156724721803925,
        0.39724285264120945,
        0.23169969897623707,
        0.19499846445881833,
        0.2302833995570333,
        0.4116206801975396,
        0.2797227477191935,
        -0.11169031312493015,
        0.4090027663153055,
        -0.10224192188743299,
        -0.08319498858504674,
        -0.07365765910118525,
        -0.09243935361819385,
        -0.06895622054645609,
        -0.11963752313984627,
        -0.12821475779252967,
        -0.04565456859320707
      ],
      [
        0.6741716157641056,
        0.2816731147872026,
        0.6931348895408654,
        0.7266283277906844,
        0.29609193289351415,
        0.5489052645888233,
        0.6603907872419624,
        0.7106498716138993,
        0.31389276079651357,
        0.03982993157204705,
        0.9727936770160753,
        0.2231707286307136,
        1.0,
        0.9376554069544162,
        0.1510753312084128,
        0.4163223679924623,
        0.3624815822704491,
        0.5562640836543966,
        0.2664870918640229,
        0.24414277341628596,
        0.6972005927206452,
        0.20037085395945153,
        0.721031309989018,
        0.7307129731302835,
        0.13005439199100946,
        0.3419194453712058,
        0.4188988157305721,
        0.554897230628211,
        0.10993043423135018,
        0.08543257205665716
      ],
      [
        0.7358636632128172,
        0.2598449866100987,
        0.744982694119068,
        0.800085921234322,
        0.24655243166573562,
        0.45565285198788885,
        0.617426805845241,
        0.690298539759553,
        0.22397021941762993,
        -0.09017024752042735,
        0.9518301121109907,
        0.11156724721803925,
        0.9376554069544162,
        1.0,
        0.07515033812199384,
        0.28484005654116107,
        0.2708947261906317,
        0.4157295683714,
        0.13410897969247482,
        0.12707090297801268,
        0.757373188924016,
        0.1964966490728104,
        0.7612126360687592,
        0.8114079609317281,
        0.12538943051609117,
        0.2832565375374556,
        0.38510013559852924,
        0.5381663138957361,
        0.074126291599528,
        0.017539295132385366
      ],
      [
        -0.22260012458211145,
        0.006613777353585341,
        -0.20269402629832206,
        -0.1667766666011127,
        0.33237544264759233,
        0.13529926770047154,
        0.09856374579911731,
        0.027653308387136203,
        0.18732116526139062,
        0.4019644254484123,
        0.16451421981281159,
        0.39724285264120945,
        0.1510753312084128,
        0.07515033812199384,
        1.0,
        0.3366960805054456,
        0.26868475987226237,
        0.32842949910967906,
        0.413506125207898,
        0.42737420672315796,
        -0.2306907098451477,
        -0.0747429648767562,
        -0.21730375458186194,
        -0.18219547805909903,
        0.31445745598082775,
        -0.05555813871505076,
        -0.05829838674344535,
        -0.10200679633746526,
        -0.10734209778914475,
        0.1014803150425252
      ],
      [
        0.20599998040769932,
        0.19197461132396648,
        0.25074368074058784,
        0.21258255077923285,
        0.318943296705379,
        0.7387217896603927,
        0.6702788246430207,
        0.4904242495935712,
        0.4216591470050108,
        0.5598366906211327,
        0.35606457553220255,
        0.23169969897623707,
        0.4163223679924623,
        0.28484005654116107,
        0.3366960805054456,
        1.0,
        0.8012683427383291,
        0.7440826676953245,
        0.394712834762032,
        0.8032688176617679,
        0.20460716594748163,
        0.1430025832957165,
        0.26051583964720904,
        0.199371329091014,
        0.22739423230542294,
        0.678780354372495,
        0.6391466977559204,
        0.48320832682561393,
        0.2778784307146353,
        0.5909727625047906
      ],
      [
        0.19420362276150901,
        0.14329307656049842,
        0.228082345393658,
        0.2076600604825693,
        0.2483956798825553,
        0.5705168714898885,
        0.6912702075448517,
        0.4391670684742612,
        0.34262702307772047,
        0.44663032169957073,
        0.33235753760761083,
        0.19499846445881833,
        0.3624815822704491,
        0.2708947261906317,
        0.26868475987226237,
        0.8012683427383291,
        1.0,
        0.7718039949238455,
        0.3094285779844512,
        0.7273721838811918,
        0.1869035156858974,
        0.1002409837483462,
        0.2266804255909013,
        0.18835265208953053,
        0.16848132079136718,
        0.4848578006864687,
        0.6625641337427423,
        0.44047226304622267,
        0.1977878218614109,
        0.43932926857579113
      ],
      [
        0.3761689559399259,
        0.16385102528521808,
        0.40721691599861876,
        0.37232028233071,
        0.38067569098328563,
        0.6422618509716466,
        0.6832599165123272,
        0.6156341308969195,
        0.3932978720890168,
        0.34119804439711793,
        0.5133464414367648,
        0.2302833995570333,
        0.5562640836543966,
        0.4157295683714,
        0.32842949910967906,
        0.7440826676953245,
        0.7718039949238455,
        1.0,
        0.3127802232097332,
        0.6110441393807221,
        0.3581266692410419,
        0.08674120994286853,
        0.39499925177418477,
        0.342271162092682,
        0.21535059681593308,
        0.4528883773698811,
        0.5495923752351927,
        0.6024496059209878,
        0.14311566863305,
        0.3106545514938305
      ],
      [
        -0.1043208814178656,
        0.009127167755036037,
        -0.08162932702839953,
        -0.07249658821176272,
        0.20077437592048317,
        0.22997659080143243,
        0.1780092079208777,
        0.09535078688667688,
        0.4491365423934285,
        0.3450073971437277,
        0.24056736245007118,
        0.4116206801975396,
        0.2664870918640229,
        0.13410897969247482,
        0.413506125207898,
        0.394712834762032,
        0.3094285779844512,
        0.3127802232097332,
        1.0,
        0.36907808336572917,
        -0.1281207690727425,
        -0.07747342018407904,
        -0.10375304384332525,
        -0.11034274289549868,
        -0.012661799565908734,
        0.06025487946536669,
        0.03711904859992855,
        -0.030413396423600934,
        0.38940248488464535,
        0.07807947627266777
      ],
      [
        -0.04264126911445621,
        0.05445751956893367,
        -0.0055233910570039535,
        -0.01988696323506802,
        0.283606698546885,
        0.5073181269004224,
        0.44930074905033845,
        0.25758374624303265,
        0.33178614627312447,
        0.6881315774585512,
        0.22775353267198065,
        0.2797227477191935,
        0.24414277341628596,
        0.12707090297801268,
        0.42737420672315796,
        0.8032688176617679,
        0.7273721838811918,
        0.6110441393807221,
        0.36907808336572917,
        1.0,
        -0.037487617862673364,
        -0.003195028868089598,
        -0.001000397625966831,
        -0.022736147308900542,
        0.17056831595314184,
        0.390158842086675,
        0.37997466145707964,
        0.2152040133100292,
        0.11109395575572417,
        0.5913280656608755
      ],
      [
        0.9695389726112066,
        0.3525729471502957,
        0.9694763634663137,
        0.9627460860470832,
        0.21312014189594855,
        0.5353153982176653,
        0.6882364076436721,
        0.8303176311186148,
        0.18572775349568735,
        -0.2536914948766094,
        0.7150651951351846,
        -0.11169031312493015,
        0.6972005927206452,
        0.757373188924016,
        -0.2306907098451477,
        0.20460716594748163,
        0.1869035156858974,
        0.3581266692410419,
        -0.1281207690727425,
        -0.037487617862673364,
        1.0,
        0.35992075422104813,
        0.9937079161029493,
        0.9840145644590723,
        0.21657443125969553,
        0.4758200374601461,
        0.5739747080993024,
        0.7874238517122398,
        0.24352920429131317,
        0.09349197867930158
      ],
      [
        0.2970076439863737,
        0.9120445888404213,
        0.3030383715571501,
        0.2874886271213966,
        0.036071798785646474,
        0.2481328332774176,
        0.2998788887096905,
        0.29275171300151764,
        0.09065068811664272,
        -0.05126920203676512,
        0.1947985568342513,
        0.4090027663153055,
        0.20037085395945153,
        0.1964966490728104,
        -0.0747429648767562,
        0.1430025832957165,
        0.1002409837483462,
        0.08674120994286853,
        -0.07747342018407904,
        -0.003195028868089598,
        0.35992075422104813,
        1.0,
        0.36509824540861924,
        0.3458422825267967,
        0.2254294149094868,
        0.3608323385979728,
        0.3683656074599455,
        0.3597546095250371,
        0.2330274614453172,
        0.21912242546315852
      ],
      [
        0.9651365139559874,
        0.35803957505322426,
        0.9703868870426389,
        0.9591195743552647,
        0.23885262620915038,
        0.5902104277312977,
        0.7295649165132028,
        0.8559231281343108,
        0.21916855911105806,
        -0.2051512112627737,
        0.7196838036650051,
        -0.10224192188743299,
        0.721031309989018,
        0.7612126360687592,
        -0.21730375458186194,
        0.26051583964720904,
        0.2266804255909013,
        0.39499925177418477,
        -0.10375304384332525,
        -0.001000397625966831,
        0.9937079161029493,
        0.36509824540861924,
        1.0,
        0.9775780914063872,
        0.2367746038860695,
        0.5294076901641029,
        0.6183440795335164,
        0.8163221016875445,
        0.269492769083817,
        0.13895686184575753
      ],
      [
        0.9410824595860466,
        0.34354594718646964,
        0.9415498080023066,
        0.9592133256499006,
        0.20671836342857658,
        0.5096038055579203,
        0.6759872313060887,
        0.8096296199096182,
        0.17719337737409702,
        -0.23185445116756076,
        0.7515484761266196,
        -0.08319498858504674,
        0.7307129731302835,
        0.8114079609317281,
        -0.18219547805909903,
        0.199371329091014,
        0.18835265208953053,
        0.342271162092682,
        -0.11034274289549868,
        -0.022736147308900542,
        0.9840145644590723,
        0.3458422825267967,
        0.9775780914063872,
        1.0,
        0.20914533376028968,
        0.4382962837796735,
        0.5433305254110797,
        0.7474188023228182,
        0.20914550838707863,
        0.07964703402467592
      ],
      [
        0.11961613992160841,
        0.07750335882212882,
        0.15054940431703698,
        0.123522938755571,
        0.805324195494362,
        0.5655411663750874,
        0.4488220384047602,
        0.4527530541790472,
        0.4266750263849461,
        0.5049420753517614,
        0.1419185529186069,
        -0.07365765910118525,
        0.13005439199100946,
        0.12538943051609117,
        0.31445745598082775,
        0.22739423230542294,
        0.16848132079136718,
        0.21535059681593308,
        -0.012661799565908734,
        0.17056831595314184,
        0.21657443125969553,
        0.2254294149094868,
        0.2367746038860695,
        0.20914533376028968,
        1.0,
        0.5681865166856062,
        0.5185232928640019,
        0.5476909029497864,
        0.4938383302357588,
        0.6176241916554384
      ],
      [
        0.4134628230608015,
        0.2778295924789796,
        0.4557742280383266,
        0.3904103092424984,
        0.4724684437304434,
        0.865809039802263,
        0.7549680159063961,
        0.6674536768257117,
        0.4732000132446181,
        0.4587981566678595,
        0.2871031656007405,
        -0.09243935361819385,
        0.3419194453712058,
        0.2832565375374556,
        -0.05555813871505076,
        0.678780354372495,
        0.4848578006864687,
        0.4528883773698811,
        0.06025487946536669,
        0.390158842086675,
        0.4758200374601461,
        0.3608323385979728,
        0.5294076901641029,
        0.4382962837796735,
        0.5681865166856062,
        1.0,
        0.8922608987764685,
        0.8010803646352531,
        0.6144405011493057,
        0.8104548563116124
      ],
      [
        0.526911461838545,
        0.30102522381649127,
        0.5638792634736616,
        0.5126059204433243,
        0.4349257147250867,
        0.8162752498000297,
        0.8841026390943832,
        0.7523994975749642,
        0.43372100759017285,
        0.34623387634806796,
        0.3805846346287225,
        -0.06895622054645609,
        0.4188988157305721,
        0.38510013559852924,
        -0.05829838674344535,
        0.6391466977559204,
        0.6625641337427423,
        0.5495923752351927,
        0.03711904859992855,
        0.37997466145707964,
        0.5739747080993024,
        0.3683656074599455,
        0.6183440795335164,
        0.5433305254110797,
        0.5185232928640019,
        0.8922608987764685,
        1.0,
        0.8554338603439994,
        0.5325197291183613,
        0.6865109212448646
      ],
      [
        0.7442141978674657,
        0.29531584333773664,
        0.7712407893605485,
        0.7220166262603592,
        0.5030533532989497,
        0.8155732235690639,
        0.8613230336379509,
        0.9101553142985929,
        0.430296611457954,
        0.17532544924324453,
        0.5310623278216042,
        -0.11963752313984627,
        0.554897230628211,
        0.5381663138957361,
        -0.10200679633746526,
        0.48320832682561393,
        0.44047226304622267,
        0.6024496059209878,
        -0.030413396423600934,
        0.2152040133100292,
        0.7874238517122398,
        0.3597546095250371,
        0.8163221016875445,
        0.7474188023228182,
        0.5476909029497864,
        0.8010803646352531,
        0.8554338603439994,
        1.0,
        0.5025284938306975,
        0.5111141458863389
      ],
      [
        0.16395333493630732,
        0.10500791031597212,
        0.18911504046245753,
        0.14356991388907128,
        0.39430948181175546,
        0.510223429921806,
        0.4094641265399866,
        0.3757441454236105,
        0.6998257976437305,
        0.33401868385108263,
        0.09454283035438187,
        -0.12821475779252967,
        0.10993043423135018,
        0.074126291599528,
        -0.10734209778914475,
        0.2778784307146353,
        0.1977878218614109,
        0.14311566863305,
        0.38940248488464535,
        0.11109395575572417,
        0.24352920429131317,
        0.2330274614453172,
        0.269492769083817,
        0.20914550838707863,
        0.4938383302357588,
        0.6144405011493057,
        0.5325197291183613,
        0.5025284938306975,
        1.0,
        0.5378482062536084
      ],
      [
        0.007065885692182585,
        0.11920535139708549,
        0.05101852972340665,
        0.0037375973515715597,
        0.499316368593766,
        0.6873823227538964,
        0.5149298906363866,
        0.36866113371677084,
        0.43841349844460287,
        0.7672967792384358,
        0.04955943246457305,
        -0.04565456859320707,
        0.08543257205665716,
        0.017539295132385366,
        0.1014803150425252,
        0.5909727625047906,
        0.43932926857579113,
        0.3106545514938305,
        0.07807947627266777,
        0.5913280656608755,
        0.09349197867930158,
        0.21912242546315852,
        0.13895686184575753,
        0.07964703402467592,
        0.6176241916554384,
        0.8104548563116124,
        0.6865109212448646,
        0.5111141458863389,
        0.5378482062536084,
        1.0
      ]
    ]
  },
  "models": {
    "random_forest": {
      "accuracy": 96.49,
      "top_features": {
        "names": [
          "면적 최악상태",
          "오목한 포인트 개수 최악상태",
          "오목한 포인트 개수 평균",
          "반경 최악상태",
          "오목함 평균",
          "둘레 길이 최악상태",
          "둘레 길이 평균",
          "반경 평균",
          "면적 평균",
          "오목함 최악상태"
        ],
        "importance": [
          0.15389236463205394,
          0.14466326620735528,
          0.10620998844591638,
          0.07798687515738047,
          0.06800084191430111,
          0.06711483267839194,
          0.053269746128179675,
          0.048703371737755234,
          0.04755500886018552,
          0.031801595740040434
        ]
      }
    },
    "decision_tree": {
      "accuracy": 94.74
    }
  },
  "confusion_matrix": {
    "tn": 70,
    "fp": 1,
    "fn": 3,
    "tp": 40
  },
  "pca": {
    "x": [
      9.192836827244133,
      2.387801800802949,
      5.733896278462593,
      7.122953199893774,
      3.9353020764229387,
      2.380247150591104,
      2.238883309339213,
      2.143298501709068,
      3.1749242911427586,
      6.351746792166374,
      -0.8104137700039328,
      2.651100475104563,
      8.185034459009312,
      0.34212591492185795,
      4.342379194240142,
      4.075656175422935,
      0.23005501621907323,
      4.418010917900287,
      4.948703552520962,
      -1.2370633570276055,
      -1.5781612364508453,
      -3.5573363702531955,
      4.733210789433129,
      4.208524209765011,
      4.949632074120898,
      7.098562856939976,
      3.5102626063349223,
      3.0640538878772747,
      4.0072641420369,
      1.7153097257605638,
      6.059445512365339,
      2.9022361087832267,
      4.554782686664332,
      4.990602723699833,
      2.985340790055667,
      2.7663691554367102,
      1.296198764536687,
      -3.7493133925406195,
      -0.9980689000940758,
      0.7652641177717189,
      -2.1509534709025306,
      -0.09333138905673412,
      9.087999672596819,
      0.9904537658626356,
      -0.2935465517966015,
      5.380940405546737,
      -4.58193667244233,
      1.7000068877403975,
      -2.136445280191036,
      -1.5674789971875298,
      -3.542905556685784,
      -3.1578140484901507,
      -3.450488540640014,
      3.302550947437631,
      -0.6746192852950182,
      -2.858158438961721,
      4.648738872187399,
      2.176862882609544,
      -3.72145899318553,
      -4.135962942639321,
      -2.3858356624700083,
      -2.578883256364888,
      4.75911215145239,
      -2.3141322459348297,
      1.6916079215394235,
      1.8123054029172192,
      -2.785924756565355,
      -3.5186483385540765,
      4.330002653537343,
      -3.261279472736857,
      2.7045961737869453,
      -0.307855776737176,
      5.503705313170511,
      -0.3617091913811493,
      -2.6299766399136195,
      1.4281675924928197,
      -0.8345178852816814,
      6.23089650893398,
      11.668714651453104,
      -2.021577660590566,
      -1.6383849375868755,
      1.1674616103828375,
      10.76924282032859,
      5.034811081353975,
      -2.1744643124695897,
      3.288235386707742,
      0.6076079443710366,
      3.5835636293887325,
      -0.9341581030543639,
      1.259604643601622,
      -1.5882639729423715,
      0.252497571355175,
      -2.84743158613365,
      -1.9649501163194567,
      2.775865568639284,
      4.396227953861915,
      -2.5920828248218193,
      -3.9043381488711457,
      -2.818231211992568,
      0.6162808701038367,
      -0.43286022098668947,
      -4.555028840189923,
      -3.4481835412504926,
      -2.1159602656645045,
      -2.6913522056672647,
      3.2139167678738887,
      -0.749271358682438,
      -3.1590060385124015,
      13.05612185310131,
      -2.228679813123286,
      -2.492831034086851,
      -0.1033504227350211,
      3.5912941206420923,
      -1.348948680671993,
      -2.51011767429324,
      -2.046029575667593,
      -2.0970691685283023,
      3.1105276919107845,
      4.956725572254171,
      0.8510142631522717,
      -2.965999209040538,
      3.334133199329276,
      12.894612124402338,
      -0.7707436771037264,
      -2.2025155241943315,
      -3.143412246039875,
      -0.6388805008021918,
      1.919133421628567,
      1.4088683610933777,
      4.643691316437664,
      -1.8774673660764098,
      1.4320694254532385,
      1.3526270223161463,
      -0.7091148318698219,
      2.171416018035949,
      -1.97684035502942,
      -2.6007895055759116,
      -3.2580073617201997,
      3.7820264580691045,
      -1.9920347258643945,
      -5.0150086904123805,
      1.345020438790785,
      -2.4559688128172117,
      -1.837281669530351,
      -4.346489713995955,
      -0.732812917634874,
      2.3999978456968614,
      0.39309866275533123,
      -0.41232781263759666,
      -3.0499249414109886,
      -1.4425637317809334,
      0.0831861051989633,
      7.093306715244402,
      -3.7434045425289972,
      -0.9691728144009734,
      -2.41871990730205,
      4.10078772207389,
      -0.7516030071520335,
      -3.6546465292083896,
      -4.680211576470728,
      -0.597781767757613,
      3.3873307673092055,
      6.149886191653524,
      -1.3250313472241466,
      5.4941528017885926,
      -2.997403208630279,
      -4.386732721349962,
      1.2136346120823924,
      5.069661080990079,
      -1.977701442243127,
      -2.514876419461044,
      -0.9474878923009847,
      2.81936834562632,
      -3.4839862931111742,
      -4.658729577784675,
      -5.35161811296893,
      1.1708977757185095,
      2.9563018671480235,
      -4.975702061500217,
      -4.064025656466995,
      9.512669845223622,
      9.007165529413586,
      0.7588784815693899,
      -2.6593596162123525,
      -0.39001897885259074,
      -3.889065528881775,
      0.3648761516831973,
      -2.835890916553107,
      -3.3102836231624475,
      -3.3573044052524628,
      6.523116607491539,
      -1.7177351735057549,
      -5.565735893992571,
      1.7796614886946143,
      2.6114848922204543,
      -2.8190385098531734,
      2.4984388791834684,
      1.2770271715455805,
      3.4731973408716055,
      1.2566751122905193,
      -1.4734313706071924,
      1.6494606947968748,
      9.036589481958927,
      4.554590059710266,
      -0.7811899671032133,
      -0.22309260662851244,
      -3.454895387839127,
      0.44654439551587566,
      0.31443822689267775,
      -2.0591919419887232,
      4.808969245367027,
      -2.998710529576217,
      12.285019756299066,
      3.3721965907927554,
      2.508766313189702,
      1.3180684769542146,
      -0.3887563013350575,
      -2.75693299154034,
      4.943581014175749,
      4.298077328488249,
      -2.3735018023061962,
      -0.9671903137934192,
      -2.975798787213441,
      1.803247019461574,
      -2.478359512017293,
      -0.8260392939582839,
      -3.89469732926185,
      -0.3895780909936335,
      -1.457321355425711,
      2.7555680022558544,
      3.257254673974636,
      -4.0191402414972135,
      -3.6764132926532,
      3.3163241155343655,
      -4.036607359125469,
      -2.334233350904319,
      8.403847118270408,
      2.647568633110644,
      -0.6817688660457819,
      3.350295791293371,
      -2.2277205193965104,
      -4.477584655855651,
      1.3226214202294448,
      -1.8500898619980723,
      3.795565641298153,
      -2.2813180967501205,
      -3.2287701184705546,
      1.0259007870550239,
      -2.582555838889252,
      -2.4858832261104746,
      7.143842040239553,
      -3.0324811406057575,
      7.085010652256361,
      1.314099003219642,
      3.7116495157678857,
      0.46047908809700455,
      6.392649920389701,
      5.2555449489859125,
      8.733861506468386,
      3.69131787966667,
      3.3782508715963235,
      -0.8402096551346833,
      3.2843726144473764,
      -1.9087689292005137,
      1.614781924593148,
      6.619726348179203,
      -1.4646759342640177,
      -2.012152429067273,
      -2.2843402557908434,
      -0.7397430888548395,
      -4.506562509149786,
      -3.1587543013687536,
      7.6761494707848605,
      -3.6391359655041136,
      0.3373454928957155,
      -1.2765833784058966,
      -4.346014056035161,
      0.017430792415933826,
      -3.4924260375308194,
      -1.866548854992205,
      4.960268118644078,
      -2.4707226800878206,
      3.7850601022700907,
      2.6372557781653105,
      -1.3726850230253362,
      -4.1388825729143335,
      -0.6869402922878226,
      -4.312129581716485,
      0.40330942059981356,
      -3.003605794457427,
      3.1340081923261316,
      -0.4178368676500819,
      -1.4202231338256042,
      -2.870588349704718,
      -3.3658457052963073,
      -3.3150001554431427,
      -4.769710158543187,
      -2.385882756958245,
      -2.7870960083813845,
      -3.3938417669160175,
      6.590235945233502,
      -1.4553305175828208,
      7.182933105324065,
      -3.578835402616079,
      -3.0570326429843635,
      -3.074435831525667,
      -3.853539733918083,
      -5.390256387857471,
      -4.657682334893557,
      -4.027542388737966,
      -3.347821941486362,
      -3.2998420117650027,
      -2.1364041432875736,
      -4.0380171425578055,
      -3.7654145474268996,
      -4.871239383895258,
      -4.747248515127552,
      1.8953162767215248,
      1.5729311458129214,
      -4.026620249029757,
      -1.2948661704209876,
      1.8348404688569981,
      -1.8103805616902742,
      7.23648531601153,
      -3.1456501894317412,
      -2.8872680599625613,
      -3.1496539854681407,
      -4.628379481468709,
      2.2505103724669238,
      2.1078012267980584,
      1.7859499798741432,
      -0.5276966180110816,
      -3.2135009811915634,
      -4.386422967085578,
      -3.8100178692524085,
      3.319673971703509,
      -2.3932759614160592,
      4.680166262823603,
      -3.0676951424127896,
      7.353218575956387,
      0.2953131832703261,
      -1.9389694950345457,
      -2.0771789195455312,
      4.975162358943334,
      -2.1769168788262925,
      -2.4315514546844503,
      -3.367965779107779,
      -1.2065977889421429,
      -3.3260792476218985,
      -1.92879540517945,
      -4.041835088129515,
      6.1822837424612365,
      10.934298158129183,
      2.118496934789825,
      -3.0121949695505386,
      -0.9826485802137329,
      0.35789386055683126,
      -3.1939178657664646,
      -2.993233297667551,
      -3.193914148554272,
      -4.591961853658988,
      -2.4859161570155877,
      -2.398665347337355,
      -0.7796152019810836,
      -3.1399884267012683,
      2.735011772825737,
      6.22702598985188,
      -2.2237757471195154,
      5.307140021628652,
      7.24800106270453,
      4.207220619562933,
      -2.499636373869053,
      3.63501494889371,
      3.5192482747651677,
      -2.614948308158507,
      -0.0961081143760195,
      2.044856939236194,
      -3.066749527599787,
      -1.6035864453129853,
      3.7659321525696225,
      -0.9255666046770279,
      -3.2883495941477823,
      -1.5548521472104755,
      -0.39877991964022486,
      -2.3005678235353457,
      -0.5429013639317454,
      -2.0588194553447394,
      -3.424518054347989,
      -0.4724065533485956,
      4.703500735586242,
      -3.64338023962529,
      -3.59468934498087,
      4.149097343899543,
      7.672141553530112,
      -2.0103794165167947,
      -2.92083349398491,
      -0.5007378018650094,
      -1.9114985761909384,
      -3.7850992265381707,
      -2.7083939707384115,
      6.289673469786148,
      -3.4307706947836927,
      -2.0013884687658767,
      -2.4732930953581405,
      -3.647257743886602,
      -2.3461868499863674,
      -1.1429969263756032,
      -1.3508573056013558,
      2.76337078608451,
      -1.9693236084785464,
      -2.931187058912652,
      -2.92637438817907,
      -3.996188276540755,
      0.1551380601194322,
      -0.9340908103038723,
      -1.9296217328697693,
      -2.6223386010557235,
      6.003616592824371,
      -2.921877803344106,
      -3.341944805148646,
      -2.0149150328314533,
      1.9884621057802874,
      -1.6696039322056273,
      -0.37117811297373415,
      -1.8489599280725382,
      -4.703042199972382,
      -1.2831871512431403,
      -2.3142468207736955,
      -4.659085173747375,
      -3.943473381752904,
      4.949858463578154,
      -0.9158035193942048,
      4.549111147606163,
      4.4423428170358354,
      -2.194984302489272,
      0.6644409155428681,
      -2.24087605347911,
      -2.1251804357651096,
      -2.6153174119310543,
      -3.2109679743439026,
      -0.3067503991160065,
      2.4723569142106436,
      -3.4547183722637103,
      -3.900526846576306,
      0.9817275435707392,
      -1.257251567512558,
      3.245413650904731,
      -1.5572194130857846,
      -1.2492580967069926,
      4.331653345921477,
      -1.077451330559801,
      2.511753102862308,
      -2.2170923061119088,
      -1.1738306469250201,
      -2.83630144445742,
      -1.857085898772412,
      -1.3286143736455314,
      -2.8027713583994847,
      -3.1745687987204274,
      -4.087077360731441,
      3.47549374931499,
      16.31923322653512,
      -2.5601150179664276,
      -2.968888797362421,
      -2.757430451638796,
      1.3703398737382104,
      -0.41766449317162063,
      -3.838398622355685,
      5.930964860409079,
      0.6454786483354187,
      -2.683846400628667,
      -2.041664052175009,
      -1.3992963488851307,
      -3.5364152937707862,
      -1.9905294472498547,
      -1.9981853681361543,
      -0.5206581138032153,
      -3.172370487323447,
      -2.2027101900897104,
      3.824433042769309,
      -2.9854846916267284,
      -2.4810551068330096,
      -1.2721114608178032,
      -2.235156888112059,
      -0.05618310439374335,
